= RESTART: D:\all my files\documents\uvm\5_masters\hive\github_directory\HIVE\vision\aruco_approx_dist.py
ID | Loc [px] | Dist [mm] | ~Dist [mm] | Error_d [%] | Heading [px]
-------------------------------------------------------------------

1   (298,233)     326.00      301.91           7.39        -22
1   (422,187)     341.00      340.92           0.02        102
1   (305,129)     364.00      357.32           1.84        -15

1   (257,234)     222.00      202.43           8.82        -63
1   (438,150)     226.00      216.61           4.16        118

1   (254,256)     202.00      180.61          10.59        -66
1   (450,163)     207.00      200.18           3.29        130

1   (448,172)     204.00      196.24           3.80        128
1   (248,271)     198.00      180.02           9.08        -72

1   (448,178)     198.00      191.40           3.33        128

1   (441,184)     196.00      185.05           5.59        121

1   (434,188)     197.00      184.48           6.36        114

1   (415,200)     196.00      180.36           7.98         95




1   (218,199)     160.00      145.51           9.06       -102

1   (235,199)     178.00      160.39           9.89        -85

1   (242,207)     190.00      171.43           9.78        -78
1   (445,118)     209.00      210.33           0.64        125

1   (244,206)     197.00      179.26           9.00        -76
1   (439,119)     215.00      212.39           1.21        119

1   (248,205)     200.00      181.90           9.05        -72
1   (439,119)     219.00      216.52           1.13        119

1   (251,204)     204.00      184.10           9.75        -69
1   (439,120)     223.00      219.95           1.37        119

1   (254,206)     207.00      186.39           9.96        -66
1   (439,122)     226.00      223.34           1.18        119

1   (257,204)     216.00      196.43           9.06        -63
1   (434,125)     236.00      231.00           2.12        114

1   (258,198)     223.00      202.37           9.25        -62
1   (431,121)     244.00      237.43           2.69        111

1   (260,199)     229.00      206.90           9.65        -60
1   (428,124)     250.00      244.13           2.35        108

1   (261,200)     234.00      212.64           9.13        -59
1   (425,126)     254.00      246.89           2.80        105

1   (261,202)     239.00      218.82           8.44        -59
1   (422,129)     259.00      254.30           1.81        102

1   (261,202)     244.00      223.46           8.42        -59
1   (419,131)     265.00      256.15           3.34         99

1   (264,201)     250.00      226.98           9.21        -56
1   (418,131)     270.00      260.95           3.35         98

1   (266,202)     256.00      233.78           8.68        -54
1   (416,133)     277.00      267.03           3.60         96

1   (267,204)     263.00      239.03           9.12        -53
1   (414,137)     283.00      273.44           3.38         94

1   (268,207)     268.00      244.46           8.78        -52
1   (412,140)     288.00      275.72           4.26         92

1   (268,206)     273.00      250.23           8.34        -52
1   (410,140)     294.00      281.12           4.38         90

1   (270,204)     281.00      254.88           9.30        -50
1   (407,140)     301.00      285.09           5.29         87

1   (271,206)     288.00      261.15           9.32        -49
1   (406,143)     307.00      290.95           5.23         86

1   (273,207)     296.00      270.36           8.66        -47
1   (403,146)     316.00      296.90           6.04         83

1   (275,204)     303.00      278.76           8.00        -45
1   (403,146)     323.00      310.67           3.82         83

1   (277,203)     312.00      281.30           9.84        -43
1   (402,147)     332.00      316.08           4.80         82

1   (280,203)     319.00      293.88           7.88        -40
1   (402,149)     339.00      321.85           5.06         82

1   (282,202)     329.00      300.43           8.68        -38
1   (401,150)     348.00      335.85           3.49         81

1   (283,203)     338.00      309.24           8.51        -37
1   (399,152)     358.00      346.19           3.30         79

1   (284,206)     348.00      320.52           7.90        -36
1   (397,156)     368.00      350.22           4.83         77

1   (284,207)     360.00      328.53           8.74        -36
1   (393,160)     377.00      363.87           3.48         73
1   (283,106)     382.00      360.75           5.56        -37

1   (284,207)     371.00      339.22           8.57        -36
1   (391,161)     388.00      365.91           5.69         71
1   (284,108)     393.00      368.20           6.31        -36

1   (285,207)     382.00      343.57          10.06        -35
1   (389,162)     399.00      378.62           5.11         69
1   (285,110)     403.00      383.00           4.96        -35

1   (285,211)     391.00      355.22           9.15        -35
1   (388,167)     406.00      386.49           4.81         68
1   (286,116)     413.00      387.24           6.24        -34

1   (288,215)     402.00      362.33           9.87        -32
1   (387,171)     417.00      391.88           6.02         67
1   (288,121)     422.00      395.72           6.23        -32

1   (288,218)     416.00      378.08           9.12        -32
1   (385,175)     430.00      400.73           6.81         65
1   (289,127)     435.00      409.14           5.95        -31

1   (288,217)     429.00      392.07           8.61        -32
1   (382,177)     442.00      422.10           4.50         62
1   (290,129)     447.00      421.87           5.62        -30
1   (483,225)     440.00      453.04           2.96        163

1   (287,219)     445.00      407.32           8.47        -33
1   (378,181)     458.00      435.14           4.99         58
1   (475,228)     454.00      469.91           3.50        155
1   (289,134)     465.00      427.75           8.01        -31

1   (286,223)     459.00      420.54           8.38        -34
1   (470,231)     468.00      467.29           0.15        150
1   (375,186)     470.00      434.62           7.53         55
1   (288,141)     478.00      443.12           7.30        -32

1   (286,224)     471.00      431.13           8.47        -34
1   (374,188)     480.00      448.85           6.49         54
1   (466,232)     478.00      476.40           0.33        146
1   (289,144)     490.00      465.26           5.05        -31

1   (288,223)     484.00      453.32           6.34        -32
1   (373,188)     494.00      464.75           5.92         53
1   (463,231)     489.00      492.22           0.66        143
1   (290,145)     504.00      477.45           5.27        -30

1   (288,221)     495.00      457.06           7.66        -32
1   (372,188)     502.00      473.34           5.71         52
1   (292,146)     515.00      495.08           3.87        -28
1   (460,230)     497.00      497.10           0.02        140

1   (289,221)     506.00      460.75           8.94        -31
1   (457,230)     505.00      495.38           1.90        137
1   (371,188)     514.00      485.68           5.51         51
1   (293,146)     527.00      502.15           4.72        -27

1   (290,221)     515.00      476.83           7.41        -30
1   (370,190)     524.00      485.33           7.38         50
1   (455,231)     513.00      520.37           1.44        135
1   (294,148)     539.00      513.47           4.74        -26

1   (291,223)     526.00      481.33           8.49        -29
1   (370,192)     533.00      494.61           7.20         50
1   (295,151)     545.00      516.90           5.16        -25
1   (453,233)     525.00      512.30           2.42        133

1   (291,225)     539.00      495.26           8.11        -29
1   (368,194)     545.00      518.25           4.91         48
1   (294,155)     559.00      524.12           6.24        -26
1   (449,234)     537.00      517.33           3.66        129

1   (290,228)     549.00      515.71           6.06        -30
1   (366,197)     555.00      522.48           5.86         46
1   (445,236)     546.00      535.75           1.88        125
1   (294,159)     569.00      532.32           6.45        -26

1   (291,230)     557.00      514.96           7.55        -29
1   (443,238)     554.00      550.50           0.63        123
1   (365,200)     564.00      528.04           6.38         45
1   (295,161)     578.00      546.78           5.40        -25

1   (291,231)     565.00      525.32           7.02        -29
1   (443,240)     564.00      549.32           2.60        123
1   (365,201)     570.00      538.84           5.47         45
1   (295,163)     587.00      554.73           5.50        -25

1   (292,232)     571.00      529.98           7.18        -28
1   (441,240)     569.00      541.52           4.83        121
1   (364,203)     577.00      538.65           6.65         44
1   (295,165)     590.00      554.73           5.98        -25

1   (437,241)     578.00      570.20           1.35        117
1   (291,232)     583.00      536.77           7.93        -29
1   (362,204)     587.00      549.52           6.38         42
1   (295,167)     604.00      581.08           3.79        -25

1   (291,233)     594.00      548.04           7.74        -29
1   (361,205)     597.00      561.85           5.89         41
1   (435,241)     589.00      569.89           3.24        115
1   (295,169)     611.00      588.89           3.62        -25

1   (433,241)     597.00      576.42           3.45        113
1   (292,232)     607.00      547.91           9.73        -28
1   (361,205)     608.00      574.15           5.57         41
1   (296,169)     626.00      581.52           7.11        -24

1   (432,242)     605.00      591.71           2.20        112
1   (293,232)     616.00      570.69           7.36        -27
1   (361,205)     620.00      587.01           5.32         41
1   (297,169)     633.00      590.07           6.78        -23

1   (360,208)     630.00      592.98           5.88         40
1   (294,234)     630.00      590.60           6.25        -26
1   (298,173)     647.00      619.42           4.26        -22
1   (430,244)     620.00      598.93           3.40        110

1   (361,209)     646.00      599.51           7.20         41
1   (296,235)     645.00      603.98           6.36        -24
1   (429,245)     630.00      601.31           4.55        109
1   (300,174)     660.00      630.83           4.42        -20

1   (362,211)     655.00      613.73           6.30         42
1   (298,236)     654.00      611.32           6.53        -22
1   (302,177)     669.00      640.33           4.29        -18
1   (428,246)     646.00      618.78           4.21        108

1   (362,212)     670.00      621.50           7.24         42
1   (299,236)     670.00      624.44           6.80        -21
1   (427,246)     658.00      639.14           2.87        107
1   (304,178)     688.00      662.83           3.66        -16

1   (300,234)     688.00      648.13           5.79        -20
1   (362,211)     686.00      633.58           7.64         42
1   (304,177)     701.00      664.53           5.20        -16
1   (426,245)     671.00      648.75           3.32        106

1   (424,244)     689.00      638.03           7.40        104
1   (362,211)     698.00      649.17           7.00         42
1   (301,234)     701.00      663.22           5.39        -19
1   (306,179)     719.00      687.43           4.39        -14

1   (423,244)     698.00      658.54           5.65        103
1   (361,212)     718.00      676.73           5.75         41
1   (303,235)     718.00      672.64           6.32        -17
1   (307,181)     730.00      715.70           1.96        -13

1   (361,213)     721.00      668.77           7.24         41
1   (422,245)     707.00      658.73           6.83        102
1   (303,236)     729.00      700.40           3.92        -17
1   (307,182)     743.00      677.79           8.78        -13

1   (420,245)     715.00      690.72           3.40        100
1   (360,214)     732.00      684.60           6.48         40
1   (303,237)     738.00      682.10           7.57        -17
1   (307,184)     753.00      717.04           4.78        -13

1   (418,245)     725.00      680.75           6.10         98
1   (359,215)     743.00      704.18           5.23         39
1   (304,237)     749.00      699.27           6.64        -16
1   (308,185)     771.00      744.40           3.45        -12

1   (416,245)     739.00      691.03           6.49         96
1   (359,216)     755.00      719.19           4.74         39
1   (303,237)     766.00      711.79           7.08        -17
1   (307,186)     779.00      731.48           6.10        -13

1   (415,244)     749.00      702.66           6.19         95
1   (304,235)     776.00      728.29           6.15        -16
1   (358,214)     769.00      725.01           5.72         38
1   (308,185)     787.00      775.49           1.46        -12

1   (415,243)     761.00      728.44           4.28         95
1   (360,214)     780.00      733.07           6.02         40
1   (306,233)     786.00      746.42           5.04        -14
1   (311,185)     805.00      791.64           1.66         -9

1   (360,213)     797.00      733.07           8.02         40
1   (307,233)     804.00      749.43           6.79        -13
1   (414,243)     771.00      730.96           5.19         94
1   (311,185)     817.00      789.21           3.40         -9

1   (360,213)     811.00      754.06           7.02         40
1   (308,232)     816.00      781.26           4.26        -12
1   (413,242)     785.00      769.67           1.95         93
1   (313,184)     841.00      789.51           6.12         -7

1   (412,241)     796.00      741.24           6.88         92
1   (360,213)     821.00      773.56           5.78         40
1   (309,231)     832.00      808.26           2.85        -11
1   (314,185)     846.00      824.47           2.55         -6

1   (360,213)     835.00      799.98           4.19         40
1   (412,242)     807.00      786.83           2.50         92
1   (314,185)     855.00      839.75           1.78         -6
1   (310,231)     841.00      822.14           2.24        -10

1   (411,242)     809.00      771.99           4.57         91
1   (360,214)     840.00      799.98           4.76         40
1   (310,233)     849.00      808.19           4.81        -10
1   (315,187)     863.00      842.59           2.37         -5

1   (410,243)     820.00      785.33           4.23         90
1   (359,216)     842.00      799.71           5.02         39
1   (310,234)     853.00      822.14           3.62        -10
1   (314,188)     871.00      861.74           1.06         -6

1   (359,217)     845.00      801.93           5.10         39
1   (310,236)     856.00      833.99           2.57        -10
1   (314,190)     872.00      862.66           1.07         -6
1   (410,245)     822.00      773.06           5.95         90

1   (410,245)     825.00      804.20           2.52         90
1   (359,218)     849.00      799.71           5.81         39
1   (310,236)     859.00      808.19           5.92        -10
1   (315,191)     876.00      862.62           1.53         -5

1   (359,219)     857.00      799.71           6.69         39
1   (310,236)     870.00      846.19           2.74        -10
1   (409,245)     836.00      802.93           3.96         89
1   (314,192)     882.00      848.47           3.80         -6

1   (358,219)     869.00      835.49           3.86         38
1   (310,237)     880.00      846.19           3.84        -10
1   (408,246)     841.00      803.03           4.52         88
1   (314,193)     895.00      883.31           1.31         -6

1   (407,246)     852.00      785.23           7.84         87
1   (358,220)     877.00      838.90           4.34         38
1   (310,238)     886.00      834.07           5.86        -10
1   (315,195)     909.00      886.28           2.50         -5

1   (357,221)     884.00      853.57           3.44         37
1   (310,239)     894.00      861.50           3.64        -10
1   (406,247)     857.00      816.86           4.68         86
1   (315,196)     915.00      911.10           0.43         -5

1   (357,221)     890.00      863.43           2.98         37
1   (311,239)     899.00      848.78           5.59         -9
1   (406,247)     859.00      816.86           4.91         86
1   (315,196)     920.00      886.28           3.67         -5

1   (406,247)     870.00      819.14           5.85         86
1   (357,222)     889.00      853.57           3.99         37
1   (315,196)     923.00      886.28           3.98         -5
1   (311,239)     905.00      877.38           3.05         -9

1   (406,247)     872.00      852.87           2.19         86
1   (358,221)     890.00      879.55           1.17         38
1   (312,239)     908.00      877.31           3.38         -8
1   (316,196)     924.00      904.44           2.12         -4

1   (407,247)     874.00      837.25           4.20         87
1   (359,221)     891.00      866.84           2.71         39
1   (313,239)     907.00      877.25           3.28         -7
1   (317,196)     921.00      911.06           1.08         -3

1   (408,246)     877.00      820.77           6.41         88
1   (360,220)     898.00      867.15           3.44         40
1   (314,238)     909.00      890.71           2.01         -6
1   (318,195)     927.00      908.24           2.02         -2

1   (409,245)     882.00      822.45           6.75         89
1   (315,237)     919.00      890.56           3.09         -5
1   (361,219)     909.00      864.60           4.88         41
1   (319,195)     934.00      909.90           2.58         -1

1   (409,245)     890.00      858.62           3.53         89
1   (361,220)     920.00      883.52           3.97         41
1   (316,237)     930.00      890.52           4.24         -4
1   (320,195)     942.00      908.22           3.59          0

1   (362,220)     921.00      880.77           4.37         42
1   (317,237)     933.00      925.41           0.81         -3
1   (409,246)     894.00      838.47           6.21         89
1   (321,196)     951.00      978.06           2.85          1

1   (409,245)     898.00      856.96           4.57         89
1   (363,220)     923.00      868.08           5.95         43
1   (318,237)     934.00      921.89           1.30         -2
1   (322,195)     955.00      930.57           2.56          2

1   (363,220)     926.00      884.16           4.52         43
1   (318,237)     941.00      921.89           2.03         -2
1   (322,196)     963.00      911.04           5.40          2
1   (410,245)     903.00      861.09           4.64         90

1   (363,220)     931.00      884.16           5.03         43
1   (410,245)     913.00      839.09           8.10         90
1   (323,196)     966.00      978.10           1.25          3

1   (320,235)     954.00      921.87           3.37          0
1   (364,219)     935.00      911.93           2.47         44
1   (324,194)     966.00      954.98           1.14          4

1   (366,218)     935.00      912.64           2.39         46
1   (322,234)     957.00      921.89           3.67          2
1   (411,243)     916.00      856.39           6.51         91
1   (325,193)     972.00      911.13           6.26          5

1   (412,242)     921.00      893.21           3.02         92
1   (366,216)     945.00      912.51           3.44         46
1   (323,232)     964.00      936.58           2.84          3
1   (327,192)     978.00      958.36           2.01          7

1   (413,241)     926.00      902.21           2.57         93
1   (368,216)     951.00      927.66           2.45         48
1   (324,231)     969.00      936.61           3.34          4
1   (328,191)     984.00      955.18           2.93          8

1   (368,216)     957.00      908.92           5.02         48
1   (325,231)     970.00      955.66           1.48          5
1   (413,241)     930.00      879.64           5.42         93
1   (329,192)     986.00     1006.17           2.05          9

1   (368,216)     960.00      913.38           4.86         48
1   (325,231)     973.00      955.81           1.77          5
1   (413,240)     935.00      898.18           3.94         93

1   (325,231)     979.00      955.81           2.37          5
1   (412,240)     937.00      896.05           4.37         92
1   (330,192)    1000.00      980.00           2.00         10

1   (412,240)     948.00      917.40           3.23         92
1   (368,216)     970.00      913.25           5.85         48
1   (326,231)     984.00      955.71           2.87          6
1   (329,192)    1008.00      986.57           2.13          9

1   (326,232)     990.00      940.44           5.01          6
1   (368,216)     978.00      931.16           4.79         48
1   (330,194)    1010.00      957.73           5.18         10
1   (412,241)     954.00      921.69           3.39         92

1   (368,218)     979.00      948.41           3.12         48
1   (325,233)     997.00      974.22           2.28          5
1   (412,242)     957.00      917.40           4.14         92
1   (329,194)    1013.00      986.89           2.58          9

1   (411,242)     963.00      917.71           4.70         91
1   (367,218)     984.00      949.38           3.52         47
1   (325,234)     998.00      975.47           2.26          5

1   (367,218)     994.00      945.59           4.87         47
1   (328,196)    1025.00     1010.64           1.40          8
1   (325,235)    1010.00      975.47           3.42          5

1   (366,219)    1013.00     1017.94           0.49         46
1   (409,241)     981.00      987.59           0.67         89
1   (325,234)    1023.00     1013.41           0.94          5
1   (328,196)    1043.00     1010.64           3.10          8

1   (325,233)    1040.00     1013.41           2.56          5
1   (329,196)    1063.00     1042.33           1.94          9

1   (366,214)    1050.00     1045.33           0.44         46
1   (326,230)    1072.00     1057.81           1.32          6
1   (407,235)    1020.00      969.64           4.94         87

1   (365,213)    1068.00     1046.52           2.01         45
1   (327,229)    1081.00     1098.75           1.64          7
1   (329,194)    1099.00     1108.78           0.89          9

1   (365,212)    1087.00     1046.66           3.71         45
1   (328,228)    1099.00     1057.94           3.74          8
1   (406,232)    1058.00     1020.84           3.51         86

1   (366,212)    1097.00     1108.67           1.06         46
1   (328,228)    1116.00     1080.79           3.16          8
1   (406,232)    1070.00      992.94           7.20         86

1   (405,231)    1081.00     1048.31           3.02         85
1   (329,226)    1135.00     1077.35           5.08          9
1   (331,192)    1143.00     1174.69           2.77         11

1   (404,230)    1091.00     1047.58           3.98         84
1   (332,192)    1149.00     1143.17           0.51         12

1   (329,226)    1149.00     1127.68           1.86          9
1   (404,229)    1106.00     1077.34           2.59         84
1   (332,192)    1164.00     1138.79           2.17         12

1   (365,213)    1145.00     1133.10           1.04         45
1   (329,228)    1158.00     1104.80           4.59          9
1   (332,194)    1182.00     1218.55           3.09         12

1   (402,232)    1131.00     1110.02           1.85         82
1   (329,231)    1169.00     1127.68           3.53          9

1   (365,215)    1156.00     1188.76           2.83         45
1   (331,231)    1196.00     1207.58           0.97         11

1   (402,232)    1143.00     1110.02           2.89         82
1   (365,215)    1164.00     1161.32           0.23         45
1   (331,231)    1196.00     1181.38           1.22         11

1   (402,232)    1147.00     1110.02           3.22         82
1   (365,215)    1173.00     1137.27           3.05         45
1   (332,231)    1210.00     1179.05           2.56         12

1   (365,215)    1178.00     1191.21           1.12         45
1   (402,232)    1149.00     1077.56           6.22         82

1   (366,216)    1189.00     1137.81           4.31         46
1   (332,231)    1214.00     1235.09           1.74         12

1   (366,216)    1187.00     1189.22           0.19         46
1   (333,231)    1221.00     1237.89           1.38         13
1   (334,199)    1231.00     1260.24           2.37         14

1   (365,217)    1198.00     1163.56           2.87         45
1   (333,232)    1226.00     1237.89           0.97         13
1   (402,233)    1164.00     1142.46           1.85         82

1   (366,217)    1203.00     1186.76           1.35         46
1   (333,232)    1231.00     1207.83           1.88         13

1   (366,217)    1214.00     1215.41           0.12         46
1   (334,233)    1231.00     1205.31           2.09         14
1   (335,201)    1253.00     1263.36           0.83         15

1   (366,218)    1217.00     1189.22           2.28         46

1   (402,234)    1191.00     1181.44           0.80         82
1   (366,218)    1224.00     1189.22           2.84         46
1   (334,234)    1253.00     1263.76           0.86         14

1   (335,234)    1258.00     1297.17           3.11         15

1   (402,234)    1203.00     1180.28           1.89         82
1   (336,234)    1276.00     1238.37           2.95         16

1   (367,219)    1238.00     1248.92           0.88         47
1   (336,235)    1274.00     1297.20           1.82         16
1   (337,204)    1300.00     1360.40           4.65         17

1   (368,219)    1243.00     1249.43           0.52         48
1   (403,235)    1212.00     1178.80           2.74         83


1   (369,219)    1269.00     1249.96           1.50         49

1   (369,220)    1271.00     1193.14           6.13         49

1   (373,264)    1534.00     1495.19           2.53         53



1   (371,222)    1542.00     1571.92           1.94         51


1   (382,240)    1384.00     1409.73           1.86         62

1   (387,215)    1413.00     1482.61           4.93         67


1   (389,217)    1425.00     1450.80           1.81         69

1   (362,224)    1435.00     1445.93           0.76         42
1   (392,217)    1459.00     1486.95           1.92         72

1   (396,216)    1508.00     1539.90           2.12         76


1   (333,288)    1282.00     1293.34           0.88         13
1   (365,276)    1306.00     1342.21           2.77         45

1   (366,275)    1314.00     1338.94           1.90         46

1   (365,278)    1311.00     1342.21           2.38         45

1   (335,289)    1314.00     1331.74           1.35         15
1   (366,276)    1323.00     1375.82           3.99         46

1   (368,300)    1309.00     1316.85           0.60         48

1   (339,275)    1337.00     1328.95           0.60         19
1   (308,260)    1369.00     1449.76           5.90        -12


1   (341,267)    1331.00     1322.73           0.62         21










1   (431,227)    1284.00     1332.35           3.77        111

1   (433,254)    1246.00     1306.73           4.87        113

1   (405,233)    1298.00     1295.90           0.16         85
1   (440,222)    1274.00     1297.86           1.87        120






1   (438,261)    1306.00     1375.98           5.36        118

1   (436,227)    1290.00     1302.15           0.94        116
1   (403,241)    1314.00     1370.10           4.27         83

1   (405,242)    1309.00     1305.16           0.29         85
1   (437,259)    1251.00     1250.43           0.05        117



1   (403,240)    1236.00     1273.86           3.06         83
1   (438,226)    1221.00     1307.50           7.08        118
1   (437,258)    1200.00     1168.69           2.61        117

1   (400,240)    1217.00     1237.67           1.70         80
1   (436,226)    1198.00     1219.50           1.79        116
1   (435,258)    1173.00     1134.81           3.26        115

1   (434,227)    1210.00     1246.34           3.00        114
1   (398,242)    1217.00     1209.16           0.64         78

1   (397,243)    1217.00     1237.84           1.71         77
1   (432,228)    1210.00     1241.56           2.61        112

1   (396,244)    1219.00     1205.37           1.12         76
1   (431,262)    1180.00     1166.70           1.13        111

1   (430,229)    1214.00     1187.93           2.15        110
1   (395,244)    1219.00     1233.67           1.20         75

1   (393,244)    1214.00     1177.77           2.98         73
1   (428,262)    1169.00     1165.64           0.29        108


1   (428,261)    1162.00     1201.89           3.43        108
1   (393,244)    1212.00     1203.12           0.73         73

1   (428,229)    1203.00     1183.64           1.61        108
1   (359,229)    1271.00     1317.38           3.65         39

1   (393,243)    1214.00     1232.14           1.49         73
1   (428,229)    1198.00     1185.88           1.01        108


1   (393,243)    1212.00     1232.14           1.66         73
1   (428,229)    1200.00     1185.88           1.18        108

1   (359,229)    1266.00     1317.38           4.06         39

1   (393,244)    1214.00     1203.12           0.90         73
1   (359,229)    1271.00     1270.91           0.01         39


1   (393,244)    1214.00     1177.77           2.98         73
1   (428,229)    1196.00     1159.70           3.04        108

1   (428,261)    1162.00     1196.97           3.01        108
1   (359,229)    1266.00     1270.91           0.39         39

1   (393,244)    1212.00     1203.12           0.73         73
1   (358,229)    1266.00     1318.62           4.16         38


1   (429,229)    1196.00     1240.85           3.75        109

1   (393,243)    1207.00     1232.25           2.09         73
1   (429,261)    1158.00     1199.72           3.60        109

1   (429,228)    1191.00     1238.28           3.97        109
1   (429,261)    1158.00     1131.33           2.30        109


1   (394,242)    1193.00     1206.33           1.12         74


1   (394,242)    1196.00     1203.86           0.66         74


1   (394,240)    1187.00     1232.90           3.87         74

1   (394,240)    1175.00     1206.33           2.67         74
1   (430,226)    1162.00     1213.11           4.40        110

1   (359,225)    1229.00     1270.91           3.41         39

1   (394,240)    1169.00     1203.86           2.98         74


1   (394,239)    1160.00     1173.80           1.19         74
1   (358,223)    1217.00     1270.21           4.37         38


1   (394,238)    1154.00     1203.86           4.32         74
1   (431,224)    1149.00     1214.05           5.66        111


1   (394,237)    1151.00     1173.80           1.98         74
1   (431,223)    1141.00     1162.65           1.90        111


1   (393,237)    1149.00     1151.20           0.19         73
1   (431,222)    1139.00     1188.98           4.39        111

1   (430,256)    1106.00     1098.56           0.67        110
1   (357,220)    1198.00     1182.13           1.32         37

1   (393,236)    1143.00     1151.20           0.72         73
1   (431,221)    1131.00     1186.70           4.92        111

1   (430,256)    1097.00     1070.85           2.38        110

1   (393,236)    1137.00     1101.43           3.13         73

1   (431,221)    1124.00     1186.83           5.59        111
1   (430,255)    1093.00     1067.40           2.34        110

1   (393,235)    1133.00     1059.72           6.47         73
1   (430,255)    1085.00     1070.04           1.38        110


1   (393,235)    1122.00     1105.49           1.47         73
1   (431,220)    1108.00     1115.24           0.65        111


1   (430,254)    1072.00     1067.40           0.43        110
1   (393,234)    1093.00     1105.47           1.14         73

1   (431,219)    1091.00     1071.54           1.78        111

1   (431,218)    1085.00     1092.11           0.66        111
1   (392,232)    1087.00     1102.91           1.46         72

1   (431,254)    1061.00     1012.77           4.55        111

1   (431,253)    1054.00     1065.72           1.11        111
1   (432,218)    1078.00     1114.32           3.37        112

1   (354,214)    1131.00     1143.25           1.08         34

1   (432,217)    1072.00     1094.83           2.13        112
1   (354,213)    1118.00     1113.67           0.39         34


1   (433,216)    1059.00     1053.65           0.50        113
1   (392,231)    1068.00     1053.86           1.32         72

1   (353,212)    1103.00     1106.21           0.29         33

1   (433,215)    1045.00     1050.53           0.53        113
1   (393,230)    1050.00     1036.55           1.28         73

1   (432,252)    1023.00      985.24           3.69        112
1   (353,211)    1081.00     1109.44           2.63         33

1   (433,215)    1031.00     1031.58           0.06        113
1   (392,230)    1035.00     1014.12           2.02         72

1   (352,210)    1074.00     1109.29           3.29         32

1   (434,214)    1023.00     1093.28           6.87        114
1   (392,229)    1023.00     1018.59           0.43         72

1   (433,252)     997.00     1036.45           3.96        113
1   (352,209)    1065.00     1046.64           1.72         32


1   (435,213)    1013.00      996.03           1.68        115

1   (392,228)    1013.00      981.07           3.15         72
1   (433,251)     981.00      959.50           2.19        113

1   (436,212)    1003.00      996.94           0.60        116

1   (393,226)     998.00      973.72           2.43         73
1   (434,251)     972.00      936.20           3.68        114
1   (352,205)    1030.00     1050.11           1.95         32


1   (394,225)     994.00      943.80           5.05         74

1   (438,211)     990.00      998.77           0.89        118
1   (352,204)    1026.00     1010.33           1.53         32

1   (439,210)     979.00      980.14           0.12        119
1   (395,224)     983.00      989.64           0.68         75

1   (436,250)     955.00      959.29           0.45        116

1   (440,210)     973.00      959.64           1.37        120
1   (395,224)     972.00      979.03           0.72         75

1   (437,250)     945.00      931.65           1.41        117
1   (354,202)    1013.00      958.85           5.35         34

1   (441,210)     966.00      979.09           1.35        121
1   (396,224)     967.00      922.41           4.61         76

1   (438,250)     938.00      931.15           0.73        118
1   (354,200)     995.00      935.27           6.00         34


1   (443,209)     952.00      962.36           1.09        123
1   (398,223)     952.00      936.77           1.60         78

1   (439,250)     927.00      913.50           1.46        119
1   (355,199)     984.00      979.86           0.42         35

1   (445,208)     938.00      935.22           0.30        125
1   (398,222)     944.00      910.74           3.52         78

1   (356,197)     976.00     1028.23           5.35         36
1   (441,250)     921.00      890.09           3.36        121

1   (399,222)     935.00      924.20           1.16         79
1   (446,208)     931.00      919.20           1.27        126

1   (442,250)     911.00      912.72           0.19        122
1   (356,197)     973.00      981.04           0.83         36


1   (447,208)     919.00      917.06           0.21        127
1   (399,221)     920.00      893.52           2.88         79

1   (442,250)     895.00      872.33           2.53        122
1   (356,195)     952.00      935.84           1.70         36


1   (448,207)     907.00      913.00           0.66        128
1   (399,220)     905.00      876.71           3.13         79

1   (444,250)     887.00      873.88           1.48        124
1   (356,194)     937.00      932.21           0.51         36


1   (448,206)     896.00      900.92           0.55        128

1   (399,220)     896.00      860.54           3.96         79
1   (443,250)     880.00      913.59           3.82        123
1   (355,193)     927.00      930.70           0.40         35


1   (397,218)     895.00      870.83           2.70         77

1   (447,204)     896.00      900.03           0.45        127
1   (441,249)     876.00      853.31           2.59        121
1   (353,191)     920.00      883.13           4.01         33


1   (445,204)     891.00      914.46           2.63        125

1   (396,217)     886.00      875.01           1.24         76
1   (440,248)     874.00      866.99           0.80        120
1   (351,189)     915.00      907.33           0.84         31


1   (392,216)     885.00      841.20           4.95         72

1   (442,203)     885.00      895.71           1.21        122
1   (436,247)     870.00      867.48           0.29        116

1   (348,188)     905.00      913.67           0.96         28

1   (431,247)     866.00      843.77           2.57        111

1   (388,216)     884.00      865.22           2.12         68
1   (437,203)     884.00      933.76           5.63        117
1   (342,187)     903.00      896.83           0.68         22


1   (431,204)     882.00      916.06           3.86        111

1   (382,217)     877.00      851.91           2.86         62
1   (426,248)     860.00      863.06           0.36        106
1   (337,188)     899.00      923.33           2.71         17


1   (421,248)     862.00      872.57           1.23        101

1   (377,217)     879.00      848.75           3.44         57
1   (426,204)     881.00      882.92           0.22        106
1   (331,188)     892.00      899.50           0.84         11


1   (372,218)     862.00      847.77           1.65         52
1   (421,204)     875.00      870.27           0.54        101

1   (417,250)     849.00      817.96           3.66         97
1   (326,190)     884.00      895.86           1.34          6

1   (369,218)     853.00      806.23           5.48         49

1   (419,205)     859.00      853.09           0.69         99
1   (323,190)     874.00      850.42           2.70          3
1   (415,250)     845.00      830.97           1.66         95


1   (418,204)     846.00      849.83           0.45         98
1   (368,218)     841.00      785.77           6.57         48

1   (320,190)     853.00      835.09           2.10          0

1   (367,218)     827.00      785.45           5.02         47

1   (418,203)     838.00      838.80           0.09         98
1   (413,250)     817.00      794.99           2.69         93
1   (318,188)     845.00      822.84           2.62         -2


1   (366,217)     808.00      762.56           5.62         46

1   (418,202)     819.00      838.11           2.33         98
1   (316,187)     819.00      802.34           2.03         -4
1   (414,249)     803.00      783.32           2.45         94


1   (316,186)     810.00      770.25           4.91         -4

1   (367,216)     797.00      753.65           5.44         47
1   (419,201)     809.00      827.92           2.34         99
1   (415,249)     788.00      817.38           3.73         95


1   (422,199)     797.00      792.09           0.62        102

1   (368,214)     780.00      763.16           2.16         48
1   (418,248)     775.00      740.67           4.43         98
1   (317,184)     792.00      752.10           5.04         -3


1   (425,196)     781.00      774.20           0.87        105

1   (371,212)     769.00      739.23           3.87         51
1   (318,180)     776.00      766.76           1.19         -2

1   (421,246)     764.00      757.30           0.88        101

1   (374,210)     751.00      723.54           3.66         54
1   (429,194)     769.00      786.99           2.34        109

1   (424,245)     747.00      744.30           0.36        104
1   (319,177)     759.00      751.57           0.98         -1


1   (376,208)     739.00      701.99           5.01         56
1   (432,192)     750.00      749.95           0.01        112

1   (428,244)     733.00      744.64           1.59        108
1   (322,174)     746.00      724.96           2.82          2


1   (379,206)     723.00      685.48           5.19         59

1   (431,243)     725.00      719.12           0.81        111
1   (435,190)     746.00      745.54           0.06        115
1   (323,171)     729.00      695.46           4.60          3


1   (433,242)     720.00      720.38           0.05        113

1   (380,205)     718.00      685.42           4.54         60
1   (323,169)     721.00      706.64           1.99          3
1   (437,189)     737.00      738.78           0.24        117


1   (440,187)     728.00      738.25           1.41        120
1   (382,203)     710.00      676.26           4.75         62

1   (436,241)     710.00      694.61           2.17        116
1   (325,167)     718.00      693.36           3.43          5

1   (384,202)     702.00      670.06           4.55         64

1   (326,165)     709.00      657.06           7.33          6
1   (438,239)     700.00      685.59           2.06        118

1   (443,185)     721.00      728.32           1.02        123

1   (386,200)     698.00      687.63           1.49         66

1   (445,183)     714.00      724.57           1.48        125
1   (440,239)     697.00      689.04           1.14        120

1   (328,164)     701.00      683.15           2.55          8

1   (444,237)     693.00      691.67           0.19        124

1   (389,198)     694.00      665.58           4.09         69
1   (449,181)     705.00      721.96           2.41        129

1   (330,161)     699.00      678.81           2.89         10

1   (446,236)     685.00      686.60           0.23        126

1   (453,180)     701.00      727.44           3.77        133
1   (391,195)     689.00      662.98           3.78         71

1   (333,158)     693.00      668.78           3.49         13

1   (394,194)     684.00      645.54           5.62         74

1   (457,178)     696.00      699.92           0.56        137
1   (450,235)     682.00      689.70           1.13        130
1   (336,156)     694.00      676.57           2.51         16


1   (399,193)     683.00      670.12           1.89         79

1   (462,178)     692.00      703.59           1.68        142
1   (454,235)     675.00      701.85           3.98        134

1   (341,154)     695.00      676.52           2.66         21

1   (402,194)     676.00      651.81           3.58         82

1   (466,179)     687.00      703.88           2.46        146
1   (345,155)     695.00      665.10           4.30         25
1   (458,236)     671.00      680.19           1.37        138


1   (410,195)     676.00      634.46           6.15         90

1   (475,180)     680.00      696.39           2.41        155
1   (466,238)     667.00      667.64           0.10        146
1   (352,155)     693.00      642.83           7.24         32


1   (485,181)     672.00      725.06           7.90        165

1   (418,194)     669.00      635.28           5.04         98
1   (475,239)     658.00      688.49           4.63        155

1   (360,153)     688.00      676.87           1.62         40

1   (429,192)     656.00      673.48           2.66        109

1   (485,239)     651.00      702.04           7.84        165
1   (496,181)     662.00      735.49          11.10        176

1   (436,190)     654.00      642.99           1.68        116

1   (492,238)     647.00      703.69           8.76        172

1   (444,186)     652.00      667.73           2.41        124
1   (387,141)     668.00      661.21           1.02         67


1   (450,183)     652.00      647.16           0.74        130

1   (393,137)     668.00      658.96           1.35         73

1   (456,181)     650.00      669.98           3.07        136


1   (462,179)     653.00      655.09           0.32        142

1   (408,130)     671.00      647.88           3.45         88

1   (467,177)     653.00      629.69           3.57        147
1   (412,129)     676.00      671.62           0.65         92


1   (472,175)     654.00      686.88           5.03        152

1   (417,128)     673.00      674.58           0.23         97

1   (479,172)     651.00      691.78           6.26        159


1   (484,169)     651.00      704.16           8.17        164

1   (488,168)     648.00      700.67           8.13        168

1   (492,166)     646.00      667.37           3.31        172

1   (496,165)     643.00      689.23           7.19        176
1   (445,111)     666.00      683.52           2.63        125


1   (452,108)     658.00      673.01           2.28        132


1   (457,106)     652.00      670.82           2.89        137


1   (462,103)     643.00      674.38           4.88        142

1   (464,100)     639.00      675.07           5.64        144


1   (472, 96)     627.00      701.58          11.89        152



1   (442,249)     389.00      371.61           4.47        122

1   (470,225)     343.00      334.78           2.40        150





1   (475,230)     368.00      360.83           1.95        155

1   (476,227)     434.00      434.27           0.06        156

1   (472,231)     453.00      451.98           0.23        152

1   (472,236)     461.00      452.45           1.86        152

1   (474,240)     465.00      458.31           1.44        154

1   (477,240)     473.00      470.97           0.43        157

1   (480,241)     476.00      477.99           0.42        160

1   (481,244)     484.00      478.55           1.13        161

1   (483,245)     484.00      496.65           2.61        163

1   (484,245)     489.00      503.77           3.02        164

1   (485,243)     492.00      486.11           1.20        165






1   (476,276)     656.00      667.77           1.79        156
1   (441,229)     709.00      728.91           2.81        121

1   (475,202)     744.00      782.99           5.24        155
1   (413,192)     798.00      804.23           0.78         93

1   (447,195)     930.00      924.65           0.57        127
1   (406,223)     952.00      923.20           3.03         86
1   (503,205)     892.00      960.72           7.70        183
1   (399,185)     981.00     1001.48           2.09         79

1   (458,199)     935.00      958.62           2.53        138
1   (415,226)     951.00      934.85           1.70         95
1   (409,187)     976.00      985.65           0.99         89

1   (468,201)     931.00      937.21           0.67        148
1   (425,226)     958.00      946.92           1.16        105
1   (419,187)     981.00      971.16           1.00         99

1   (484,203)     937.00      943.31           0.67        164
1   (435,186)     972.00      989.22           1.77        115

1   (497,205)     930.00      975.64           4.91        177
1   (452,226)     937.00      943.93           0.74        132
1   (448,186)     966.00     1030.44           6.67        128

1   (463,225)     927.00      909.15           1.93        143
1   (461,184)     951.00      967.69           1.76        141

1   (472,224)     923.00      918.09           0.53        152
1   (470,183)     941.00      931.63           1.00        150

1   (480,224)     921.00      971.84           5.52        160
1   (478,183)     944.00      975.44           3.33        158

1   (489,225)     916.00      936.27           2.21        169

1   (499,225)     905.00      960.61           6.15        179
1   (499,183)     935.00      963.40           3.04        179







1   (502,223)     877.00      951.09           8.45        182
1   (498,181)     903.00      986.08           9.20        178

1   (491,223)     877.00      893.81           1.92        171
1   (486,180)     908.00      993.44           9.41        166

1   (479,224)     875.00      891.98           1.94        159
1   (472,181)     907.00      951.19           4.87        152

1   (468,225)     870.00      869.82           0.02        148
1   (460,182)     903.00      933.51           3.38        140

1   (459,225)     874.00      897.70           2.71        139
1   (451,183)     904.00      886.37           1.95        131
1   (504,200)     880.00      962.33           9.36        184

1   (492,199)     877.00      914.59           4.29        172
1   (447,226)     876.00      886.88           1.24        127
1   (439,184)     911.00      934.46           2.58        119

1   (430,228)     876.00      865.30           1.22        110
1   (474,200)     875.00      908.85           3.87        154
1   (421,187)     912.00      932.57           2.25        101

1   (425,229)     875.00      860.42           1.67        105
1   (468,199)     871.00      881.09           1.16        148
1   (415,187)     912.00      929.31           1.90         95

1   (419,229)     879.00      846.38           3.71         99
1   (463,200)     871.00      865.25           0.66        143
1   (410,188)     915.00      881.62           3.65         90

1   (453,200)     864.00      884.16           2.33        133
1   (409,230)     875.00      878.05           0.35         89
1   (400,189)     916.00      900.74           1.67         80

1   (442,199)     866.00      858.63           0.85        122
1   (399,230)     875.00      844.36           3.50         79
1   (391,190)     915.00      934.44           2.12         71

1   (433,200)     865.00      861.52           0.40        113
1   (493,209)     823.00      847.53           2.98        173
1   (390,231)     875.00      850.50           2.80         70
1   (381,191)     911.00      934.08           2.53         61

1   (422,200)     863.00      858.87           0.48        102
1   (483,210)     817.00      843.53           3.25        163
1   (381,232)     875.00      872.99           0.23         61
1   (372,191)     913.00      909.69           0.36         52

1   (476,209)     824.00      848.16           2.93        156
1   (416,200)     863.00      854.76           0.95         96
1   (374,232)     877.00      870.58           0.73         54
1   (366,191)     916.00      907.40           0.94         46

1   (408,201)     858.00      860.63           0.31         88
1   (367,232)     877.00      885.61           0.98         47
1   (467,210)     823.00      820.56           0.30        147
1   (359,192)     916.00      915.82           0.02         39

1   (398,205)     868.00      848.15           2.29         78
1   (357,236)     877.00      887.33           1.18         37
1   (457,213)     832.00      835.66           0.44        137

1   (441,215)     816.00      817.92           0.24        121
1   (385,207)     868.00      851.72           1.88         65
1   (343,239)     881.00      878.25           0.31         23
1   (337,198)     920.00      922.65           0.29         17

1   (374,209)     871.00      852.22           2.16         54
1   (334,241)     885.00      887.28           0.26         14
1   (429,217)     834.00      794.30           4.76        109

1   (365,212)     869.00      878.18           1.06         45
1   (420,219)     822.00      783.79           4.65        100
1   (326,245)     885.00      893.53           0.96          6
1   (318,204)     926.00      934.61           0.93         -2

1   (410,218)     816.00      801.27           1.81         90
1   (355,213)     862.00      883.23           2.46         35
1   (318,247)     881.00      885.06           0.46         -2
1   (309,207)     920.00      940.74           2.25        -11

1   (350,215)     862.00      865.57           0.41         30
1   (313,251)     882.00      897.05           1.71         -7
1   (404,220)     821.00      786.36           4.22         84
1   (304,210)     919.00      935.17           1.76        -16

1   (342,220)     864.00      852.00           1.39         22
1   (306,256)     881.00      909.93           3.28        -14
1   (397,225)     813.00      788.65           3.00         77
1   (296,215)     917.00      930.59           1.48        -24

1   (337,223)     857.00      881.06           2.81         17
1   (301,258)     881.00      922.77           4.74        -19
1   (391,228)     813.00      790.42           2.78         71
1   (292,217)     912.00      909.18           0.31        -28

1   (297,259)     881.00      873.49           0.85        -23
1   (333,223)     860.00      863.23           0.38         13
1   (386,228)     813.00      805.04           0.98         66
1   (288,217)     920.00      955.97           3.91        -32

1   (328,223)     863.00      850.43           1.46          8
1   (294,258)     885.00      901.55           1.87        -26
1   (381,228)     814.00      802.11           1.46         61
1   (284,217)     921.00      955.86           3.79        -36

1   (325,225)     870.00      861.29           1.00          5
1   (291,260)     889.00      912.50           2.64        -29
1   (378,229)     822.00      790.60           3.82         58

1   (297,259)     889.00      911.26           2.50        -23
1   (387,231)     827.00      798.96           3.39         67
1   (288,217)     924.00      955.97           3.46        -32

1   (340,224)     871.00      864.06           0.80         20
1   (394,230)     829.00      802.29           3.22         74
1   (303,257)     889.00      887.82           0.13        -17

1   (349,223)     868.00      861.69           0.73         29
1   (311,257)     884.00      888.51           0.51         -9
1   (404,231)     821.00      807.58           1.63         84
1   (303,215)     917.00      918.24           0.14        -17

1   (361,221)     845.00      838.08           0.82         41
1   (321,254)     872.00      888.20           1.86          1
1   (418,230)     811.00      788.31           2.80         98
1   (313,212)     896.00      891.12           0.55         -7

1   (427,230)     808.00      772.83           4.35        107
1   (369,220)     843.00      815.86           3.22         49
1   (329,252)     858.00      848.33           1.13          9
1   (321,209)     890.00      889.92           0.01          1

1   (435,229)     810.00      779.57           3.76        115
1   (376,219)     843.00      833.93           1.08         56
1   (335,251)     857.00      849.91           0.83         15
1   (327,207)     886.00      895.92           1.12          7

1   (384,221)     845.00      852.82           0.93         64
1   (341,252)     864.00      855.31           1.01         21
1   (442,233)     811.00      762.45           5.99        122

1   (384,223)     877.00      845.88           3.55         64
1   (440,236)     844.00      782.12           7.33        120
1   (343,253)     892.00      888.34           0.41         23
1   (335,211)     921.00      926.65           0.61         15

1   (384,224)     901.00      885.69           1.70         64
1   (344,253)     921.00      884.27           3.99         24
1   (438,237)     872.00      847.94           2.76        118

1   (435,240)     901.00      863.97           4.11        115
1   (383,228)     938.00      919.91           1.93         63
1   (344,255)     955.00      934.16           2.18         24
1   (338,216)     987.00      980.76           0.63         18

1   (383,231)     972.00      968.14           0.40         63
1   (345,257)     986.00      968.50           1.77         25
1   (433,243)     933.00      899.70           3.57        113
1   (340,219)    1021.00      980.87           3.93         20

1   (384,234)    1011.00      962.47           4.80         64
1   (348,259)    1025.00      995.21           2.91         28
1   (343,222)    1067.00     1040.94           2.44         23
1   (431,245)     973.00      946.28           2.75        111

1   (350,262)    1072.00     1053.15           1.76         30
1   (384,237)    1052.00     1026.59           2.42         64
1   (430,249)    1005.00     1013.11           0.81        110
1   (345,227)    1097.00     1069.57           2.50         25

1   (385,240)    1081.00     1092.83           1.09         65
1   (430,250)    1028.00      999.66           2.76        110
1   (348,229)    1141.00     1173.16           2.82         28

1   (388,240)    1110.00     1112.89           0.26         68
1   (431,251)    1063.00     1031.02           3.01        111
1   (352,230)    1164.00     1245.12           6.97         32

1   (390,241)    1133.00     1121.91           0.98         70
1   (433,251)    1081.00     1094.65           1.26        113

1   (391,243)    1147.00     1143.67           0.29         71
1   (360,265)    1171.00     1204.80           2.89         40
1   (356,233)    1214.00     1220.65           0.55         36

1   (390,247)    1162.00     1214.81           4.54         70
1   (359,269)    1198.00     1230.95           2.75         39
1   (430,255)    1118.00     1081.12           3.30        110

1   (359,274)    1214.00     1220.49           0.53         39
1   (427,258)    1137.00     1109.75           2.40        107

1   (386,253)    1214.00     1235.40           1.76         66

1   (385,255)    1234.00     1316.95           6.72         65
1   (359,279)    1266.00     1328.41           4.93         39

1   (360,284)    1295.00     1366.73           5.54         40

1   (382,264)    1290.00     1408.63           9.20         62
1   (417,265)    1226.00     1254.04           2.29         97

1   (415,268)    1234.00     1290.90           4.61         95



1   (413,274)    1292.00     1417.41           9.71         93







1   (354,275)    1340.00     1499.56          11.91         34


1   (375,254)    1351.00     1387.16           2.68         55
1   (352,278)    1360.00     1415.71           4.10         32

1   (372,256)    1345.00     1405.04           4.46         52
1   (408,255)    1311.00     1283.57           2.09         88

1   (347,282)    1360.00     1418.70           4.32         27
1   (404,257)    1303.00     1384.47           6.25         84

1   (345,282)    1345.00     1418.06           5.43         25

1   (366,257)    1331.00     1355.88           1.87         46

1   (362,257)    1328.00     1353.82           1.94         42
1   (397,257)    1298.00     1289.72           0.64         77
1   (331,256)    1394.00     1486.16           6.61         11

1   (395,256)    1290.00     1272.33           1.37         75

1   (334,282)    1323.00     1344.60           1.63         14
1   (392,257)    1292.00     1233.09           4.56         72

1   (333,282)    1323.00     1344.44           1.62         13
1   (391,257)    1295.00     1287.42           0.59         71

1   (390,257)    1292.00     1309.65           1.37         70
1   (332,283)    1325.00     1364.78           3.00         12

1   (388,258)    1279.00     1326.44           3.71         68


1   (379,254)    1300.00     1343.29           3.33         59

1   (344,258)    1325.00     1536.20          15.94         24



1   (346,263)    1378.00     1528.09          10.89         26